&problemsize_namelist
 n_r = 96
 l_max = 287
 nprow = 4
 npcol = 4
 aspect_ratio = 0.35d0
 shell_depth = 1.0d0
/
&numerical_controls_namelist
 chebyshev = .true.
/
&physical_controls_namelist
 rotation  = .true.
 magnetism = .true.
 lorentz_forces = .true.
 viscous_heating = .false.  ! boussinesq requires these both be off
 ohmic_heating = .false.
/
&temporal_controls_namelist
 !max_simulated_time = 5.0 ! this is in viscous diffusion times

 max_time_step = 1.0d-6
 min_time_step = 1.0d-15
max_iterations = 12000
 alpha_implicit = 0.50001d0
 checkpoint_interval = 1000000
 quicksave_interval = 25000
 num_quicksaves = 3
 cflmin = 0.4d0
 cflmax = 0.6d0

 !new_iteration = 1

 save_last_timestep = .true.
 save_on_sigterm = .true.

/
&io_controls_namelist
/
&output_namelist
!shellslice_levels_nrm = 0.33, 0.5, 0.67, 0.95, 1.0
!shellslice_values     = 1,2,3,801,802,803,501,1101,1104,1107,1011,310,313,2807,2809
!shellslice_frequency  = 15000
!shellslice_nrec       = 10

shellspectra_levels_nrm = 0, 0.1, 0.2, 0.3, 0.33,  0.4, 0.5, 0.6, 0.67, 0.7, 0.8, 0.9, 0.95, 1.0
shellspectra_values = 1,2,3,310,313,401,422,423,424,501,503,505,509,511,527,529,533,535,707,708,709,801,802,803,1001,1004,1007,1010,1011,1101,1105,1109,1110,1111,1112,1210,1211,1212,1213,1214,1215,1217,1218,1222,1223,1224,1225,1226,1227,1231,1232,1233,1234,1235,1236,1240,1241,1242,1243,1244,1245,1246,1247,1257,1258,1259,1260,1261,1262,1402,1404,1422,1423,1440,1441,1444,1445,1446,1449,1450,1451,1454,1616,1618,1620,1621,1623,1625,1626,1628,1630,1631,1633,1635,1636,1638,1640,1641,1643,1645,1646,1648,1650,1652,1654,1656,1658,1660,1661,1662,1664,1665,1666,1668,1669,1918,1919,1921,1922,2205,2207,2211,2212,2213,2228,2229,2230,2231,2232,2233,2234,2235,2236,2237,2238,2239
shellspectra_frequency = 300
shellspectra_nrec       = 2

!point_probe_values    = 1,2,3,501,801,802,803,804,805,806,1648,1652,1656,1633,1638,1643,1660,1664,1668,1631,1636,1641,1646,1650,1654,1658,1662,1666,1635,1640,1645
!point_probe_frequency = 10000
!point_probe_nrec      = 50
!point_probe_cache_size = 10 ! default is 1; this will dump 10 at a time, must divide nrec
!point_probe_r_nrm     = 0.33, 0.5, 0.67, 0.95, 1.0
!point_probe_theta_nrm = 0.05, 0.167, 0.25, 0.5, 0.75, 0.833, 0.95
!point_probe_phi_nrm   = 0.0, 0.25

meridional_indices_nrm = 0.0, 0.25, 0.33, 0.5
meridional_values = 1,2,3,4,5,6,422,423,424,501,801,802,803,804,805,806,1001,1004,1007,1110,1111,1112,1631,1633,1635,1636,1638,1640,1641,1643,1645,1646,1648,1650,1652,1654,1656,1658,1660,1661,1662,1664,1665,1666,1668,1669,2211,2212,2213,2228,2229,2230,2231,2232,2233
meridional_frequency   = 5000
meridional_nrec        = 2

equatorial_values = 1,2,3,310,313,422,423,424,501,503,505,509,511,527,529,533,535,707,708,709,801,802,803,804,805,806,1001,1004,1007,1010,1011,1110,1111,1112,1210,1211,1212,1213,1214,1215,1217,1218,1222,1223,1224,1225,1226,1227,1231,1232,1233,1234,1235,1236,1240,1241,1242,1243,1244,1245,1246,1247,1257,1258,1259,1260,1261,1262,1402,1404,1422,1423,1440,1441,1444,1445,1446,1449,1450,1451,1454,1620,1625,1630,1631,1633,1635,1636,1638,1640,1641,1643,1645,1646,1648,1650,1652,1654,1656,1658,1660,1661,1662,1664,1665,1666,1668,1669,2211,2212,2213,2228,2229,2230,2231,2232,2233
equatorial_frequency = 300
equatorial_nrec      = 10

azavg_values = 1,2,3,307,308,309,310,312,313,422,423,424,501,503,505,509,511,527,529,533,535,707,708,709,801,802,803,1001,1004,1007,1010,1011,1101,1104,1105,1107,1109,1110,1111,1112,1210,1211,1212,1213,1214,1215,1217,1218,1222,1223,1224,1225,1226,1227,1231,1232,1233,1234,1235,1236,1240,1241,1242,1243,1244,1245,1246,1247,1257,1258,1259,1260,1261,1262,1402,1404,1422,1423,1440,1441,1444,1445,1446,1449,1450,1451,1454,1616,1618,1620,1621,1623,1625,1626,1628,1630,1635,1640,1645,1658,1660,1661,1662,1664,1665,1666,1668,1669,1918,1919,1921,1922,2205,2207,2211,2212,2213,2223,2228,2229,2230,2231,2232,2233,2234,2235,2236,2237,2238,2239
azavg_frequency = 300
azavg_nrec      = 10

shellavg_values = 1,2,3,307,308,309,312,401,402,403,404,405,406,408,409,501,503,505,509,511,527,529,533,535,707,708,709,801,802,803,1001,1004,1007,1101,1102,1103,1104,1105,1106,1107,1108,1109,1210,1211,1212,1213,1214,1215,1217,1218,1222,1223,1224,1225,1226,1227,1231,1232,1233,1234,1235,1236,1240,1241,1242,1243,1244,1245,1246,1247,1257,1258,1259,1260,1261,1262,1402,1404,1422,1423,1440,1441,1444,1445,1446,1449,1450,1451,1454,1620,1625,1630,1635,1640,1645,2211,2212,2213,2224,2228,2229,2230,2231,2232,2233,2234,2235,2236,2237,2238,2239
shellavg_frequency = 300
shellavg_nrec      = 100

globalavg_values = 307,308,309,310,312,313,401,402,403,404,405,406,407,408,409,413,417,421,501,503,505,509,511,527,529,533,535,707,708,709,807,808,809,1002,1003,1005,1006,1008,1009,1010,1011,1012,1101,1102,1103,1104,1105,1106,1107,1108,1109,1210,1211,1212,1213,1214,1215,1217,1218,1222,1223,1224,1225,1226,1227,1231,1232,1233,1234,1235,1236,1240,1241,1242,1243,1244,1245,1246,1247,1257,1258,1259,1260,1261,1262,1402,1404,1422,1423,1440,1441,1444,1445,1446,1449,1450,1451,1454,1616,1618,1620,1621,1623,1625,1626,1628,1630,1635,1640,1645,1661,1665,1669,1819,1820,1821,1822,1823,1824,1825,1826,1827,1904,1905,1906,1918,1919,1921,1922,2203,2204,2205,2206,2207,2211,2212,2213,2228,2229,2230,2231,2232,2233
globalavg_frequency = 300
globalavg_nrec      = 100

sph_mode_ell = 0,1,2,3,4,5,6,7,8,9,10,11,12,13,14,15
!sph_mode_levels_nrm = 0, 0.1, 0.2, 0.3, 0.33,  0.4, 0.5, 0.6, 0.67, 0.7, 0.8, 0.9, 0.95, 1.0
sph_mode_levels = 1,-96
sph_mode_values = 1,2,3,307,308,309,310,312,313,401,405,409,413,417,421,422,423,424,501,503,505,509,511,527,529,533,535,707,708,709,801,802,803,804,805,806,807,808,809,1001,1002,1003,1004,1005,1006,1007,1008,1009,1010,1011,1012,1101,1105,1109,1110,1111,1112,1210,1211,1212,1213,1214,1215,1217,1218,1222,1223,1224,1225,1226,1227,1231,1232,1233,1234,1235,1236,1240,1241,1242,1243,1244,1245,1246,1247,1257,1258,1259,1260,1261,1262,1402,1404,1422,1423,1440,1441,1444,1445,1446,1449,1450,1451,1454,1601,1603,1605,1606,1608,1610,1611,1613,1615,1616,1618,1620,1621,1623,1625,1626,1628,1630,1631,1633,1635,1636,1638,1640,1641,1643,1645,1646,1648,1650,1652,1654,1656,1658,1660,1661,1662,1664,1665,1666,1668,1669,1918,1919,1921,1922,2025,2026,2043,2205,2207,2211,2212,2213,2223,2228,2229,2230,2231,2232,2233,2234,2235,2236,2237,2238,2239
sph_mode_frequency = 300
sph_mode_nrec      = 50

full3d_values = 1,2,3,501,801,802,803,1010,310,1011,313 ! temperature
full3d_frequency = 1000000
/

&Boundary_Conditions_Namelist
no_slip_boundaries = .true.
stress_free_top = .false.
stress_free_bottom = .false.
strict_L_Conservation = .false. ! must be false with NS boundaries
dtdr_bottom = 0.0d0
T_Top    = 0.0d0
T_Bottom = 1.0d0
fix_tvar_top = .true.
fix_tvar_bottom = .true.
/
&Initial_Conditions_Namelist
!init_type = 7
!magnetic_init_type = 7
init_type = -1
magnetic_init_type = -1
mag_amp = 1.0d0
temp_amp = 1.0d-4
temp_w = 0.01d4
restart_iter = 0
/
&Test_Namelist
/
&Reference_Namelist
Ekman_Number = 1.0d-5
Rayleigh_Number = 1.0d8
Prandtl_Number = 1.0d0
Magnetic_Prandtl_Number = 2.0d0
reference_type = 1
heating_type = 0      ! No heating
gravity_power = 1.0d0  ! g ~ radius
/
&Transport_Namelist
/
